<?xml version="1.0" encoding="UTF-8" standalone="no" ?>
<COLLADA xmlns="http://www.collada.org/2005/11/COLLADASchema" version="1.4.1">
    <asset>
        <contributor>
            <authoring_tool>SketchUp 17.0.1</authoring_tool>
        </contributor>
        <created>2020-01-12T23:21:13Z</created>
        <modified>2020-01-12T23:21:13Z</modified>
        <unit meter="0.0254" name="inch" />
        <up_axis>Z_UP</up_axis>
    </asset>
    <library_cameras>
        <camera id="ID1" name="skp_camera_Last_Saved_SketchUp_View">
            <optics>
                <technique_common>
                    <perspective>
                        <yfov>35</yfov>
                        <aspect_ratio>0</aspect_ratio>
                        <znear>1</znear>
                        <zfar>1000</zfar>
                    </perspective>
                </technique_common>
            </optics>
        </camera>
    </library_cameras>
    <library_visual_scenes>
        <visual_scene id="ID2">
            <node name="SketchUp">
                <node name="skp_camera_Last_Saved_SketchUp_View">
                    <matrix>0.4820212 -0.2046037 -0.8519348 -40.92382 -0.8761595 -0.1125632 -0.4686939 30.45022 -9.714451e-17 0.9723512 -0.2335233 71.046 0 0 0 1</matrix>
                    <instance_camera url="#ID1" />
                </node>
                <node id="ID3" name="instance_0">
                    <matrix>0.4820212 0.8761596 0 18.5 -0.8761596 0.4820212 0 14 0 -0 1 0 0 0 0 1</matrix>
                    <instance_node url="#ID4" />
                </node>
                <node id="ID139" name="instance_1">
                    <matrix>-0.2285866 0.9735236 -2.583545e-12 35.99973 -0.9735236 -0.2285866 -6.807283e-12 98.54209 -7.217614e-12 9.590876e-13 1 80.45855 0 0 0 1</matrix>
                    <instance_node url="#ID140" />
                </node>
                <node id="ID249" name="instance_4">
                    <matrix>-0.2285866 0.9735236 -2.583545e-12 38.7475 -0.9735236 -0.2285866 -6.807283e-12 102.6186 -7.217614e-12 9.590876e-13 1 80.3969 0 0 0 1</matrix>
                    <instance_node url="#ID250" />
                </node>
                <node id="ID253" name="instance_7">
                    <matrix>-0.2285866 0.9735236 -2.583545e-12 47.55279 -0.9735236 -0.2285866 -6.807283e-12 81.20024 -7.217614e-12 9.590876e-13 1 80.45855 0 0 0 1</matrix>
                    <instance_node url="#ID254" />
                </node>
                <node id="ID297" name="instance_10">
                    <matrix>-0.2285866 0.9735236 -2.583545e-12 53.92327 -0.9735236 -0.2285866 -6.807283e-12 89.14045 -7.217614e-12 9.590876e-13 1 72.58454 0 0 0 1</matrix>
                    <instance_node url="#ID298" />
                </node>
                <node id="ID385" name="instance_13">
                    <matrix>-0.2285866 0.9735236 -2.583545e-12 52.33295 -0.9735236 -0.2285866 -6.807283e-12 82.15095 -7.217614e-12 9.590876e-13 1 80.44533 0 0 0 1</matrix>
                    <instance_node url="#ID250" />
                </node>
                <node id="ID386" name="instance_14">
                    <matrix>-0.2285866 0.9735236 -2.583545e-12 47.5831 -0.9735236 -0.2285866 -6.807283e-12 106.236 -7.217614e-12 9.590876e-13 1 80.3969 0 0 0 1</matrix>
                    <instance_node url="#ID387" />
                </node>
                <node id="ID390" name="instance_17">
                    <matrix>-0.2285866 0.9735236 -2.583545e-12 59.0711 -0.9735236 -0.2285866 -6.807283e-12 88.97554 -7.217614e-12 9.590876e-13 1 80.3969 0 0 0 1</matrix>
                    <instance_node url="#ID250" />
                </node>
                <node id="ID391" name="instance_18">
                    <matrix>-0.2285866 0.9735236 -2.583545e-12 59.13401 -0.9735236 -0.2285866 -6.807283e-12 98.50724 -7.217614e-12 9.590876e-13 1 80.3969 0 0 0 1</matrix>
                    <instance_node url="#ID387" />
                </node>
                <node id="ID392" name="instance_19">
                    <matrix>-0.2285866 0.9735236 -2.583545e-12 56.43892 -0.9735236 -0.2285866 -6.807283e-12 84.87595 -7.217614e-12 9.590876e-13 1 80.45855 0 0 0 1</matrix>
                    <instance_node url="#ID250" />
                </node>
                <node id="ID393" name="instance_20">
                    <matrix>-0.2285866 0.9735236 -2.583545e-12 35.98255 -0.9735236 -0.2285866 -6.807283e-12 88.96808 -7.217614e-12 9.590876e-13 1 80.45855 0 0 0 1</matrix>
                    <instance_node url="#ID394" />
                </node>
                <node id="ID475" name="instance_23">
                    <matrix>-0.2285866 0.9735236 -2.583545e-12 42.83397 -0.9735236 -0.2285866 -6.807283e-12 105.2895 -7.217614e-12 9.590876e-13 1 80.3969 0 0 0 1</matrix>
                    <instance_node url="#ID140" />
                </node>
                <node id="ID476" name="instance_24">
                    <matrix>-0.2285866 0.9735236 -2.583545e-12 60.06554 -0.9735236 -0.2285866 -6.807283e-12 93.79528 -7.217614e-12 9.590876e-13 1 80.3969 0 0 0 1</matrix>
                    <instance_node url="#ID140" />
                </node>
                <node id="ID477" name="instance_25">
                    <matrix>-0.2285866 0.9735236 -2.583545e-12 56.41081 -0.9735236 -0.2285866 -6.807283e-12 102.5115 -7.217614e-12 9.590876e-13 1 80.3969 0 0 0 1</matrix>
                    <instance_node url="#ID387" />
                </node>
                <node id="ID478" name="instance_26">
                    <matrix>0.2285866 -0.9735236 2.583545e-12 40.9634 0.9735236 0.2285866 6.807283e-12 77.11099 -7.217614e-12 9.590876e-13 1 72.58454 0 0 0 1</matrix>
                    <instance_node url="#ID479" />
                </node>
                <node id="ID531" name="instance_29">
                    <matrix>-0.2285866 0.9735236 -2.583545e-12 52.36219 -0.9735236 -0.2285866 -6.807283e-12 105.2394 -7.217614e-12 9.590876e-13 1 80.3969 0 0 0 1</matrix>
                    <instance_node url="#ID387" />
                </node>
                <node id="ID532" name="instance_30">
                    <matrix>-0.2285866 0.9735236 -2.583545e-12 35.04842 -0.9735236 -0.2285866 -6.807283e-12 93.73596 -7.217614e-12 9.590876e-13 1 80.44713 0 0 0 1</matrix>
                    <instance_node url="#ID140" />
                </node>
                <node id="ID533" name="instance_31">
                    <matrix>0.2285866 -0.9735236 2.583545e-12 39.46615 0.9735236 0.2285866 6.807283e-12 81.69689 -7.217614e-12 9.590876e-13 1 72.58454 0 0 0 1</matrix>
                    <instance_node url="#ID298" />
                </node>
                <node id="ID534" name="instance_32">
                    <matrix>-0.2285866 0.9735236 -2.583545e-12 55.38714 -0.9735236 -0.2285866 -6.807283e-12 93.72574 -7.217614e-12 9.590876e-13 1 72.58454 0 0 0 1</matrix>
                    <instance_node url="#ID298" />
                </node>
                <node id="ID535" name="instance_33">
                    <matrix>-0.2285866 0.9735236 -2.583545e-12 53.9091 -0.9735236 -0.2285866 -6.807283e-12 98.30484 -7.217614e-12 9.590876e-13 1 72.57104 0 0 0 1</matrix>
                    <instance_node url="#ID298" />
                </node>
                <node id="ID536" name="instance_34">
                    <matrix>-0.2285866 0.9735236 -2.583545e-12 42.76594 -0.9735236 -0.2285866 -6.807283e-12 82.15881 -7.217614e-12 9.590876e-13 1 80.45855 0 0 0 1</matrix>
                    <instance_node url="#ID537" />
                </node>
                <node id="ID620" name="instance_37">
                    <matrix>0.2285866 -0.9735236 2.583545e-12 44.81515 0.9735236 0.2285866 6.807283e-12 74.26543 -7.217614e-12 9.590876e-13 1 72.58454 0 0 0 1</matrix>
                    <instance_node url="#ID298" />
                </node>
                <node id="ID621" name="instance_38">
                    <matrix>-0.2285866 0.9735236 -2.583545e-12 49.95941 -0.9735236 -0.2285866 -6.807283e-12 101.1178 -7.217614e-12 9.590876e-13 1 72.58454 0 0 0 1</matrix>
                    <instance_node url="#ID298" />
                </node>
                <node id="ID622" name="instance_39">
                    <matrix>-0.2285866 0.9735236 -2.583545e-12 49.98347 -0.9735236 -0.2285866 -6.807283e-12 86.30368 -7.217614e-12 9.590876e-13 1 72.58454 0 0 0 1</matrix>
                    <instance_node url="#ID298" />
                </node>
                <node id="ID623" name="instance_40">
                    <matrix>0.2285866 -0.9735236 2.583545e-12 44.8403 0.9735236 0.2285866 6.807283e-12 89.13727 -7.217614e-12 9.590876e-13 1 72.58454 0 0 0 1</matrix>
                    <instance_node url="#ID298" />
                </node>
                <node id="ID624" name="instance_41">
                    <matrix>0.2285866 -0.9735236 2.583545e-12 40.94881 0.9735236 0.2285866 6.807283e-12 86.30715 -7.217614e-12 9.590876e-13 1 72.58454 0 0 0 1</matrix>
                    <instance_node url="#ID298" />
                </node>
                <node id="ID625" name="instance_42">
                    <matrix>1 0 0 32.69214 0 1 0 72.94005 0 0 1 118.7625 0 0 0 1</matrix>
                    <instance_node url="#ID626" />
                </node>
                <node id="ID639" name="instance_43">
                    <matrix>-0.2285866 0.9735236 -2.583545e-12 37.74414 -0.9735236 -0.2285866 -6.807283e-12 84.42862 -7.217614e-12 9.590876e-13 1 80.45855 0 0 0 1</matrix>
                    <instance_node url="#ID537" />
                </node>
            </node>
        </visual_scene>
    </library_visual_scenes>
    <library_nodes>
        <node id="ID4" name="Chris">
            <instance_geometry url="#ID5">
                <bind_material>
                    <technique_common>
                        <instance_material symbol="Material2" target="#ID6">
                            <bind_vertex_input semantic="UVSET0" input_semantic="TEXCOORD" input_set="0" />
                        </instance_material>
                        <instance_material symbol="Material3" target="#ID12">
                            <bind_vertex_input semantic="UVSET0" input_semantic="TEXCOORD" input_set="0" />
                        </instance_material>
                    </technique_common>
                </bind_material>
            </instance_geometry>
            <instance_geometry url="#ID17">
                <bind_material>
                    <technique_common>
                        <instance_material symbol="Material2" target="#ID6">
                            <bind_vertex_input semantic="UVSET0" input_semantic="TEXCOORD" input_set="0" />
                        </instance_material>
                        <instance_material symbol="Material3" target="#ID12">
                            <bind_vertex_input semantic="UVSET0" input_semantic="TEXCOORD" input_set="0" />
                        </instance_material>
                    </technique_common>
                </bind_material>
            </instance_geometry>
            <instance_geometry url="#ID25">
                <bind_material>
                    <technique_common>
                        <instance_material symbol="Material2" target="#ID26">
                            <bind_vertex_input semantic="UVSET0" input_semantic="TEXCOORD" input_set="0" />
                        </instance_material>
                        <instance_material symbol="Material3" target="#ID12">
                            <bind_vertex_input semantic="UVSET0" input_semantic="TEXCOORD" input_set="0" />
                        </instance_material>
                    </technique_common>
                </bind_material>
            </instance_geometry>
            <instance_geometry url="#ID35">
                <bind_material>
                    <technique_common>
                        <instance_material symbol="Material2" target="#ID6">
                            <bind_vertex_input semantic="UVSET0" input_semantic="TEXCOORD" input_set="0" />
                        </instance_material>
                        <instance_material symbol="Material3" target="#ID12">
                            <bind_vertex_input semantic="UVSET0" input_semantic="TEXCOORD" input_set="0" />
                        </instance_material>
                    </technique_common>
                </bind_material>
            </instance_geometry>
            <instance_geometry url="#ID43">
                <bind_material>
                    <technique_common>
                        <instance_material symbol="Material2" target="#ID44">
                            <bind_vertex_input semantic="UVSET0" input_semantic="TEXCOORD" input_set="0" />
                        </instance_material>
                        <instance_material symbol="Material3" target="#ID12">
                            <bind_vertex_input semantic="UVSET0" input_semantic="TEXCOORD" input_set="0" />
                        </instance_material>
                    </technique_common>
                </bind_material>
            </instance_geometry>
            <instance_geometry url="#ID53">
                <bind_material>
                    <technique_common>
                        <instance_material symbol="Material2" target="#ID54">
                            <bind_vertex_input semantic="UVSET0" input_semantic="TEXCOORD" input_set="0" />
                        </instance_material>
                        <instance_material symbol="Material3" target="#ID12">
                            <bind_vertex_input semantic="UVSET0" input_semantic="TEXCOORD" input_set="0" />
                        </instance_material>
                    </technique_common>
                </bind_material>
            </instance_geometry>
            <instance_geometry url="#ID63">
                <bind_material>
                    <technique_common>
                        <instance_material symbol="Material2" target="#ID54">
                            <bind_vertex_input semantic="UVSET0" input_semantic="TEXCOORD" input_set="0" />
                        </instance_material>
                        <instance_material symbol="Material3" target="#ID12">
                            <bind_vertex_input semantic="UVSET0" input_semantic="TEXCOORD" input_set="0" />
                        </instance_material>
                    </technique_common>
                </bind_material>
            </instance_geometry>
            <instance_geometry url="#ID71">
                <bind_material>
                    <technique_common>
                        <instance_material symbol="Material2" target="#ID44">
                            <bind_vertex_input semantic="UVSET0" input_semantic="TEXCOORD" input_set="0" />
                        </instance_material>
                        <instance_material symbol="Material3" target="#ID12">
                            <bind_vertex_input semantic="UVSET0" input_semantic="TEXCOORD" input_set="0" />
                        </instance_material>
                    </technique_common>
                </bind_material>
            </instance_geometry>
            <instance_geometry url="#ID79">
                <bind_material>
                    <technique_common>
                        <instance_material symbol="Material2" target="#ID80">
                            <bind_vertex_input semantic="UVSET0" input_semantic="TEXCOORD" input_set="0" />
                        </instance_material>
                        <instance_material symbol="Material3" target="#ID12">
                            <bind_vertex_input semantic="UVSET0" input_semantic="TEXCOORD" input_set="0" />
                        </instance_material>
                    </technique_common>
                </bind_material>
            </instance_geometry>
            <instance_geometry url="#ID89">
                <bind_material>
                    <technique_common>
                        <instance_material symbol="Material2" target="#ID54">
                            <bind_vertex_input semantic="UVSET0" input_semantic="TEXCOORD" input_set="0" />
                        </instance_material>
                        <instance_material symbol="Material3" target="#ID12">
                            <bind_vertex_input semantic="UVSET0" input_semantic="TEXCOORD" input_set="0" />
                        </instance_material>
                    </technique_common>
                </bind_material>
            </instance_geometry>
            <instance_geometry url="#ID97">
                <bind_material>
                    <technique_common>
                        <instance_material symbol="Material2" target="#ID80">
                            <bind_vertex_input semantic="UVSET0" input_semantic="TEXCOORD" input_set="0" />
                        </instance_material>
                        <instance_material symbol="Material3" target="#ID12">
                            <bind_vertex_input semantic="UVSET0" input_semantic="TEXCOORD" input_set="0" />
                        </instance_material>
                    </technique_common>
                </bind_material>
            </instance_geometry>
            <instance_geometry url="#ID105">
                <bind_material>
                    <technique_common>
                        <instance_material symbol="Material2" target="#ID44">
                            <bind_vertex_input semantic="UVSET0" input_semantic="TEXCOORD" input_set="0" />
                        </instance_material>
                        <instance_material symbol="Material3" target="#ID12">
                            <bind_vertex_input semantic="UVSET0" input_semantic="TEXCOORD" input_set="0" />
                        </instance_material>
                    </technique_common>
                </bind_material>
            </instance_geometry>
            <instance_geometry url="#ID113">
                <bind_material>
                    <technique_common>
                        <instance_material symbol="Material2" target="#ID26">
                            <bind_vertex_input semantic="UVSET0" input_semantic="TEXCOORD" input_set="0" />
                        </instance_material>
                        <instance_material symbol="Material3" target="#ID12">
                            <bind_vertex_input semantic="UVSET0" input_semantic="TEXCOORD" input_set="0" />
                        </instance_material>
                    </technique_common>
                </bind_material>
            </instance_geometry>
            <instance_geometry url="#ID121">
                <bind_material>
                    <technique_common>
                        <instance_material symbol="Material2" target="#ID122">
                            <bind_vertex_input semantic="UVSET0" input_semantic="TEXCOORD" input_set="0" />
                        </instance_material>
                        <instance_material symbol="Material3" target="#ID12">
                            <bind_vertex_input semantic="UVSET0" input_semantic="TEXCOORD" input_set="0" />
                        </instance_material>
                    </technique_common>
                </bind_material>
            </instance_geometry>
            <instance_geometry url="#ID131">
                <bind_material>
                    <technique_common>
                        <instance_material symbol="Material2" target="#ID44">
                            <bind_vertex_input semantic="UVSET0" input_semantic="TEXCOORD" input_set="0" />
                        </instance_material>
                        <instance_material symbol="Material3" target="#ID12">
                            <bind_vertex_input semantic="UVSET0" input_semantic="TEXCOORD" input_set="0" />
                        </instance_material>
                    </technique_common>
                </bind_material>
            </instance_geometry>
        </node>
        <node id="ID140" name="Silo_Bianco_Carrara_14">
            <node id="ID141" name="instance_2">
                <matrix>-0.0010285 -8.131517e-20 2.226636e-17 7.092911 1.084202e-19 0.0010285 -2.563798e-30 -2.362555e-13 -2.226636e-17 1.183291e-30 -0.0010285 10.38664 0 0 0 1</matrix>
                <instance_node url="#ID142" />
            </node>
            <node id="ID230" name="instance_3">
                <matrix>-0.0010285 4.065758e-19 -8.563983e-19 5.919322 -2.439455e-19 -0.0010285 1.284597e-19 1.239836 -8.563983e-19 1.284597e-19 0.0010285 10.38664 0 0 0 1</matrix>
                <instance_node url="#ID231" />
            </node>
        </node>
        <node id="ID142" name="Componente_6">
            <instance_geometry url="#ID143">
                <bind_material>
                    <technique_common>
                        <instance_material symbol="Material2" target="#ID144">
                            <bind_vertex_input semantic="UVSET0" input_semantic="TEXCOORD" input_set="0" />
                        </instance_material>
                        <instance_material symbol="Material3" target="#ID154">
                            <bind_vertex_input semantic="UVSET0" input_semantic="TEXCOORD" input_set="0" />
                        </instance_material>
                        <instance_material symbol="Material4" target="#ID159">
                            <bind_vertex_input semantic="UVSET0" input_semantic="TEXCOORD" input_set="0" />
                        </instance_material>
                        <instance_material symbol="Material5" target="#ID161">
                            <bind_vertex_input semantic="UVSET0" input_semantic="TEXCOORD" input_set="0" />
                        </instance_material>
                    </technique_common>
                </bind_material>
            </instance_geometry>
            <instance_geometry url="#ID167">
                <bind_material>
                    <technique_common>
                        <instance_material symbol="Material2" target="#ID154">
                            <bind_vertex_input semantic="UVSET0" input_semantic="TEXCOORD" input_set="0" />
                        </instance_material>
                        <instance_material symbol="Material3" target="#ID159">
                            <bind_vertex_input semantic="UVSET0" input_semantic="TEXCOORD" input_set="0" />
                        </instance_material>
                    </technique_common>
                </bind_material>
            </instance_geometry>
            <instance_geometry url="#ID177">
                <bind_material>
                    <technique_common>
                        <instance_material symbol="Material2" target="#ID154">
                            <bind_vertex_input semantic="UVSET0" input_semantic="TEXCOORD" input_set="0" />
                        </instance_material>
                        <instance_material symbol="Material3" target="#ID178">
                            <bind_vertex_input semantic="UVSET0" input_semantic="TEXCOORD" input_set="0" />
                        </instance_material>
                        <instance_material symbol="Material4" target="#ID159">
                            <bind_vertex_input semantic="UVSET0" input_semantic="TEXCOORD" input_set="0" />
                        </instance_material>
                        <instance_material symbol="Material5" target="#ID161">
                            <bind_vertex_input semantic="UVSET0" input_semantic="TEXCOORD" input_set="0" />
                        </instance_material>
                    </technique_common>
                </bind_material>
            </instance_geometry>
            <instance_geometry url="#ID192">
                <bind_material>
                    <technique_common>
                        <instance_material symbol="Material2" target="#ID178">
                            <bind_vertex_input semantic="UVSET0" input_semantic="TEXCOORD" input_set="0" />
                        </instance_material>
                        <instance_material symbol="Material3" target="#ID159">
                            <bind_vertex_input semantic="UVSET0" input_semantic="TEXCOORD" input_set="0" />
                        </instance_material>
                    </technique_common>
                </bind_material>
            </instance_geometry>
            <instance_geometry url="#ID202">
                <bind_material>
                    <technique_common>
                        <instance_material symbol="Material2" target="#ID154">
                            <bind_vertex_input semantic="UVSET0" input_semantic="TEXCOORD" input_set="0" />
                        </instance_material>
                        <instance_material symbol="Material3" target="#ID178">
                            <bind_vertex_input semantic="UVSET0" input_semantic="TEXCOORD" input_set="0" />
                        </instance_material>
                        <instance_material symbol="Material4" target="#ID159">
                            <bind_vertex_input semantic="UVSET0" input_semantic="TEXCOORD" input_set="0" />
                        </instance_material>
                    </technique_common>
                </bind_material>
            </instance_geometry>
            <instance_geometry url="#ID212">
                <bind_material>
                    <technique_common>
                        <instance_material symbol="Material2" target="#ID154">
                            <bind_vertex_input semantic="UVSET0" input_semantic="TEXCOORD" input_set="0" />
                        </instance_material>
                        <instance_material symbol="Material3" target="#ID159">
                            <bind_vertex_input semantic="UVSET0" input_semantic="TEXCOORD" input_set="0" />
                        </instance_material>
                    </technique_common>
                </bind_material>
            </instance_geometry>
            <instance_geometry url="#ID222">
                <bind_material>
                    <technique_common>
                        <instance_material symbol="Material2" target="#ID159">
                            <bind_vertex_input semantic="UVSET0" input_semantic="TEXCOORD" input_set="0" />
                        </instance_material>
                    </technique_common>
                </bind_material>
            </instance_geometry>
            <instance_geometry url="#ID226">
                <bind_material>
                    <technique_common>
                        <instance_material symbol="Material2" target="#ID159">
                            <bind_vertex_input semantic="UVSET0" input_semantic="TEXCOORD" input_set="0" />
                        </instance_material>
                    </technique_common>
                </bind_material>
            </instance_geometry>
        </node>
        <node id="ID231" name="Componente_5">
            <instance_geometry url="#ID232">
                <bind_material>
                    <technique_common>
                        <instance_material symbol="Material2" target="#ID233">
                            <bind_vertex_input semantic="UVSET0" input_semantic="TEXCOORD" input_set="0" />
                        </instance_material>
                        <instance_material symbol="Material3" target="#ID243">
                            <bind_vertex_input semantic="UVSET0" input_semantic="TEXCOORD" input_set="0" />
                        </instance_material>
                    </technique_common>
                </bind_material>
            </instance_geometry>
        </node>
        <node id="ID250" name="Silo_Bianco_Carrara_13">
            <node id="ID251" name="instance_5">
                <matrix>-0.0010285 -5.421012e-20 2.226636e-17 7.092911 1.626303e-19 0.0010285 -1.972152e-30 -2.131628e-13 -2.226636e-17 1.380507e-30 -0.0010285 10.38664 0 0 0 1</matrix>
                <instance_node url="#ID142" />
            </node>
            <node id="ID252" name="instance_6">
                <matrix>-0.0010285 4.065758e-19 -8.563983e-19 5.919322 -2.710505e-19 -0.0010285 1.284597e-19 1.239836 -8.563983e-19 1.284597e-19 0.0010285 10.38664 0 0 0 1</matrix>
                <instance_node url="#ID231" />
            </node>
        </node>
        <node id="ID254" name="Silo_Bianco_Carrara_8">
            <node id="ID255" name="instance_8">
                <matrix>-0.0010285 8.131516e-20 2.226636e-17 7.092911 1.626303e-19 0.0010285 -7.888609e-31 -2.593481e-13 -2.226636e-17 1.972152e-30 -0.0010285 10.38664 0 0 0 1</matrix>
                <instance_node url="#ID256" />
            </node>
            <node id="ID285" name="instance_9">
                <matrix>-0.0010285 3.523657e-19 -8.563983e-19 5.919322 -2.981556e-19 -0.0010285 1.284597e-19 1.239836 -8.563983e-19 1.284597e-19 0.0010285 10.38664 0 0 0 1</matrix>
                <instance_node url="#ID286" />
            </node>
        </node>
        <node id="ID256" name="Componente_8">
            <instance_geometry url="#ID257">
                <bind_material>
                    <technique_common>
                        <instance_material symbol="Material2" target="#ID154">
                            <bind_vertex_input semantic="UVSET0" input_semantic="TEXCOORD" input_set="0" />
                        </instance_material>
                        <instance_material symbol="Material3" target="#ID159">
                            <bind_vertex_input semantic="UVSET0" input_semantic="TEXCOORD" input_set="0" />
                        </instance_material>
                    </technique_common>
                </bind_material>
            </instance_geometry>
            <instance_geometry url="#ID267">
                <bind_material>
                    <technique_common>
                        <instance_material symbol="Material2" target="#ID154">
                            <bind_vertex_input semantic="UVSET0" input_semantic="TEXCOORD" input_set="0" />
                        </instance_material>
                        <instance_material symbol="Material3" target="#ID159">
                            <bind_vertex_input semantic="UVSET0" input_semantic="TEXCOORD" input_set="0" />
                        </instance_material>
                    </technique_common>
                </bind_material>
            </instance_geometry>
            <instance_geometry url="#ID277">
                <bind_material>
                    <technique_common>
                        <instance_material symbol="Material2" target="#ID159">
                            <bind_vertex_input semantic="UVSET0" input_semantic="TEXCOORD" input_set="0" />
                        </instance_material>
                    </technique_common>
                </bind_material>
            </instance_geometry>
            <instance_geometry url="#ID281">
                <bind_material>
                    <technique_common>
                        <instance_material symbol="Material2" target="#ID159">
                            <bind_vertex_input semantic="UVSET0" input_semantic="TEXCOORD" input_set="0" />
                        </instance_material>
                    </technique_common>
                </bind_material>
            </instance_geometry>
        </node>
        <node id="ID286" name="Componente_4">
            <instance_geometry url="#ID287">
                <bind_material>
                    <technique_common>
                        <instance_material symbol="Material2" target="#ID233">
                            <bind_vertex_input semantic="UVSET0" input_semantic="TEXCOORD" input_set="0" />
                        </instance_material>
                        <instance_material symbol="Material3" target="#ID243">
                            <bind_vertex_input semantic="UVSET0" input_semantic="TEXCOORD" input_set="0" />
                        </instance_material>
                    </technique_common>
                </bind_material>
            </instance_geometry>
        </node>
        <node id="ID298" name="Silo_Bianco_Carrara_9">
            <node id="ID299" name="instance_11">
                <matrix>-0.0010285 -1.897354e-19 2.226636e-17 7.092911 2.168404e-19 0.0010285 -2.563798e-30 -1.918465e-13 -2.226636e-17 3.944305e-31 -0.0010285 10.38664 0 0 0 1</matrix>
                <instance_node url="#ID300" />
            </node>
            <node id="ID373" name="instance_12">
                <matrix>-0.0010285 3.523657e-19 -8.563983e-19 5.919322 -1.897354e-19 -0.0010285 1.284597e-19 1.239836 -8.563983e-19 1.284597e-19 0.0010285 10.38664 0 0 0 1</matrix>
                <instance_node url="#ID374" />
            </node>
        </node>
        <node id="ID300" name="Componente_12">
            <instance_geometry url="#ID301">
                <bind_material>
                    <technique_common>
                        <instance_material symbol="Material2" target="#ID144">
                            <bind_vertex_input semantic="UVSET0" input_semantic="TEXCOORD" input_set="0" />
                        </instance_material>
                        <instance_material symbol="Material3" target="#ID154">
                            <bind_vertex_input semantic="UVSET0" input_semantic="TEXCOORD" input_set="0" />
                        </instance_material>
                        <instance_material symbol="Material4" target="#ID161">
                            <bind_vertex_input semantic="UVSET0" input_semantic="TEXCOORD" input_set="0" />
                        </instance_material>
                        <instance_material symbol="Material5" target="#ID307">
                            <bind_vertex_input semantic="UVSET0" input_semantic="TEXCOORD" input_set="0" />
                        </instance_material>
                    </technique_common>
                </bind_material>
            </instance_geometry>
            <instance_geometry url="#ID313">
                <bind_material>
                    <technique_common>
                        <instance_material symbol="Material2" target="#ID144">
                            <bind_vertex_input semantic="UVSET0" input_semantic="TEXCOORD" input_set="0" />
                        </instance_material>
                        <instance_material symbol="Material3" target="#ID154">
                            <bind_vertex_input semantic="UVSET0" input_semantic="TEXCOORD" input_set="0" />
                        </instance_material>
                        <instance_material symbol="Material4" target="#ID307">
                            <bind_vertex_input semantic="UVSET0" input_semantic="TEXCOORD" input_set="0" />
                        </instance_material>
                    </technique_common>
                </bind_material>
            </instance_geometry>
            <instance_geometry url="#ID323">
                <bind_material>
                    <technique_common>
                        <instance_material symbol="Material2" target="#ID154">
                            <bind_vertex_input semantic="UVSET0" input_semantic="TEXCOORD" input_set="0" />
                        </instance_material>
                        <instance_material symbol="Material3" target="#ID324">
                            <bind_vertex_input semantic="UVSET0" input_semantic="TEXCOORD" input_set="0" />
                        </instance_material>
                        <instance_material symbol="Material4" target="#ID161">
                            <bind_vertex_input semantic="UVSET0" input_semantic="TEXCOORD" input_set="0" />
                        </instance_material>
                        <instance_material symbol="Material5" target="#ID307">
                            <bind_vertex_input semantic="UVSET0" input_semantic="TEXCOORD" input_set="0" />
                        </instance_material>
                    </technique_common>
                </bind_material>
            </instance_geometry>
            <instance_geometry url="#ID335">
                <bind_material>
                    <technique_common>
                        <instance_material symbol="Material2" target="#ID154">
                            <bind_vertex_input semantic="UVSET0" input_semantic="TEXCOORD" input_set="0" />
                        </instance_material>
                        <instance_material symbol="Material3" target="#ID324">
                            <bind_vertex_input semantic="UVSET0" input_semantic="TEXCOORD" input_set="0" />
                        </instance_material>
                        <instance_material symbol="Material4" target="#ID307">
                            <bind_vertex_input semantic="UVSET0" input_semantic="TEXCOORD" input_set="0" />
                        </instance_material>
                    </technique_common>
                </bind_material>
            </instance_geometry>
            <instance_geometry url="#ID345">
                <bind_material>
                    <technique_common>
                        <instance_material symbol="Material2" target="#ID154">
                            <bind_vertex_input semantic="UVSET0" input_semantic="TEXCOORD" input_set="0" />
                        </instance_material>
                        <instance_material symbol="Material3" target="#ID307">
                            <bind_vertex_input semantic="UVSET0" input_semantic="TEXCOORD" input_set="0" />
                        </instance_material>
                    </technique_common>
                </bind_material>
            </instance_geometry>
            <instance_geometry url="#ID355">
                <bind_material>
                    <technique_common>
                        <instance_material symbol="Material2" target="#ID154">
                            <bind_vertex_input semantic="UVSET0" input_semantic="TEXCOORD" input_set="0" />
                        </instance_material>
                        <instance_material symbol="Material3" target="#ID307">
                            <bind_vertex_input semantic="UVSET0" input_semantic="TEXCOORD" input_set="0" />
                        </instance_material>
                    </technique_common>
                </bind_material>
            </instance_geometry>
            <instance_geometry url="#ID365">
                <bind_material>
                    <technique_common>
                        <instance_material symbol="Material2" target="#ID307">
                            <bind_vertex_input semantic="UVSET0" input_semantic="TEXCOORD" input_set="0" />
                        </instance_material>
                    </technique_common>
                </bind_material>
            </instance_geometry>
            <instance_geometry url="#ID369">
                <bind_material>
                    <technique_common>
                        <instance_material symbol="Material2" target="#ID307">
                            <bind_vertex_input semantic="UVSET0" input_semantic="TEXCOORD" input_set="0" />
                        </instance_material>
                    </technique_common>
                </bind_material>
            </instance_geometry>
        </node>
        <node id="ID374" name="Componente_15">
            <instance_geometry url="#ID375">
                <bind_material>
                    <technique_common>
                        <instance_material symbol="Material2" target="#ID233">
                            <bind_vertex_input semantic="UVSET0" input_semantic="TEXCOORD" input_set="0" />
                        </instance_material>
                        <instance_material symbol="Material3" target="#ID243">
                            <bind_vertex_input semantic="UVSET0" input_semantic="TEXCOORD" input_set="0" />
                        </instance_material>
                    </technique_common>
                </bind_material>
            </instance_geometry>
        </node>
        <node id="ID387" name="Silo_Bianco_Carrara_7">
