<?xml version="1.0" encoding="UTF-8" standalone="no" ?>
<COLLADA xmlns="http://www.collada.org/2005/11/COLLADASchema" version="1.4.1">
    <asset>
        <contributor>
            <author>Lucas Design Associates</author>
            <authoring_tool>SketchUp 20.1.235</authoring_tool>
        </contributor>
        <created>2020-10-26T17:28:27Z</created>
        <modified>2020-10-26T17:28:27Z</modified>
        <unit meter="0.0254" name="inch" />
        <up_axis>Z_UP</up_axis>
    </asset>
    <library_cameras>
        <camera id="ID1" name="skp_camera_Last_Saved_SketchUp_View">
            <optics>
                <technique_common>
                    <perspective>
                        <yfov>35</yfov>
                        <aspect_ratio>0</aspect_ratio>
                        <znear>1</znear>
                        <zfar>1000</zfar>
                    </perspective>
                </technique_common>
            </optics>
        </camera>
    </library_cameras>
    <library_visual_scenes>
        <visual_scene id="ID2">
            <node name="SketchUp">
                <node name="skp_camera_Last_Saved_SketchUp_View">
                    <matrix>-0.9290363 -0.01098051 0.3698258 51.2878 0.3699887 -0.02757189 0.928627 96.52759 1.734723e-18 0.9995595 0.02967795 20.95124 0 0 0 1</matrix>
                    <instance_camera url="#ID1" />
                </node>
                <node id="ID3" name="group_0">
                    <matrix>1 0 0 3.931085 0 1 0 3.696861 0 0 1 12.78428 0 0 0 1</matrix>
                    <instance_geometry url="#ID4">
                        <bind_material>
                            <technique_common>
                                <instance_material symbol="Material2" target="#ID5">
                                    <bind_vertex_input semantic="UVSET0" input_semantic="TEXCOORD" input_set="0" />
                                </instance_material>
                                <instance_material symbol="Material3" target="#ID12">
                                    <bind_vertex_input semantic="UVSET0" input_semantic="TEXCOORD" input_set="0" />
                                </instance_material>
                                <instance_material symbol="Material4" target="#ID16">
                                    <bind_vertex_input semantic="UVSET0" input_semantic="TEXCOORD" input_set="0" />
                                </instance_material>
                                <instance_material symbol="Material5" target="#ID13">
                                    <bind_vertex_input semantic="UVSET0" input_semantic="TEXCOORD" input_set="0" />
                                </instance_material>
                                <instance_material symbol="Material6" target="#ID17">
                                    <bind_vertex_input semantic="UVSET0" input_semantic="TEXCOORD" input_set="0" />
                                </instance_material>
                            </technique_common>
                        </bind_material>
                    </instance_geometry>
                </node>
                <node id="ID22" name="group_1">
                    <matrix>1 0 0 0 0 1 0 0 0 0 1 7.7 0 0 0 1</matrix>
                    <node id="ID23" name="group_2">
                        <matrix>1 0 0 0 0 1 0 0 0 0 1 0 0 0 0 1</matrix>
                        <node id="ID24" name="instance_0">
                            <matrix>2.775558e-17 1 0 20.84103 -1 2.775558e-17 0 0.7071068 0 -0 1 0 0 0 0 1</matrix>
                            <instance_node url="#ID25" />
                        </node>
                        <node id="ID58" name="instance_1">
                            <matrix>-0.9914449 0.1305262 0 0.8157931 -0.1305262 -0.9914449 0 19.1828 0 0 1 0 0 0 0 1</matrix>
                            <instance_node url="#ID25" />
                        </node>
                        <node id="ID59" name="instance_2">
                            <matrix>0.9914449 0.1305262 -9.99457e-17 41.77248 0.1305262 -0.9914449 7.59163e-16 24.57485 1.479114e-31 7.657137e-16 1 1.528019e-16 0 0 0 1</matrix>
                            <instance_node url="#ID60" />
                        </node>
                        <node id="ID82" name="instance_3">
                            <matrix>-0.9238795 0.3826834 0 2.079953 -0.3826834 -0.9238795 0 13.93927 0 0 1 0 0 0 0 1</matrix>
                            <instance_node url="#ID25" />
                        </node>
                        <node id="ID83" name="instance_4">
                            <matrix>0.3826834 0.9238795 0 28.78505 -0.9238795 0.3826834 0 2.079953 0 -0 1 0 0 0 0 1</matrix>
                            <instance_node url="#ID25" />
                        </node>
                        <node id="ID84" name="instance_5">
                            <matrix>-2.775558e-17 1 -7.657137e-16 20.84103 1 2.775558e-17 -4.930381e-32 42.01721 2.805098e-32 7.657137e-16 1 1.528019e-16 0 0 0 1</matrix>
                            <instance_node url="#ID60" />
                        </node>
                        <node id="ID85" name="instance_6">
                            <matrix>-0.7071068 0.7071068 0 6.38834 -0.7071068 -0.7071068 0 7.125322 0 0 1 0 0 0 0 1</matrix>
                            <instance_node url="#ID25" />
                        </node>
                        <node id="ID86" name="instance_7">
                            <matrix>-0.6087614 0.7933533 -6.074816e-16 8.374723 0.7933533 0.6087614 -4.66137e-16 37.43167 9.860761e-32 7.657137e-16 1 1.528019e-16 0 0 0 1</matrix>
                            <instance_node url="#ID60" />
                        </node>
                        <node id="ID87" name="instance_8">
                            <matrix>0.6087614 0.7933533 0 33.52272 -0.7933533 0.6087614 0 4.658163 0 -0 1 0 0 0 0 1</matrix>
                            <instance_node url="#ID25" />
                        </node>
                        <node id="ID88" name="instance_9">
                            <matrix>-0.8660254 0.5 -3.828569e-16 3.213796 0.5 0.8660254 -6.631276e-16 31.23838 0 7.657137e-16 1 1.528019e-16 0 0 0 1</matrix>
                            <instance_node url="#ID60" />
                        </node>
                        <node id="ID89" name="instance_10">
                            <matrix>0.7071068 0.7071068 -5.414414e-16 35.59899 0.7071068 -0.7071068 5.414414e-16 36.33598 1.972152e-31 7.657137e-16 1 1.528019e-16 0 0 0 1</matrix>
                            <instance_node url="#ID60" />
                        </node>
                        <node id="ID90" name="instance_11">
                            <matrix>-0.258819 0.9659258 -7.396227e-16 15.51287 0.9659258 0.258819 -1.981813e-16 41.17853 4.930381e-32 7.657137e-16 1 1.528019e-16 0 0 0 1</matrix>
                            <instance_node url="#ID60" />
                        </node>
                        <node id="ID91" name="instance_12">
                            <matrix>-0.258819 0.9659258 0 15.51287 -0.9659258 -0.258819 0 1.545788 0 0 1 0 0 0 0 1</matrix>
                            <instance_node url="#ID25" />
                        </node>
                        <node id="ID92" name="instance_13">
                            <matrix>-0.9659258 0.258819 -1.981813e-16 1.276033 0.258819 0.9659258 -7.396227e-16 26.20471 -2.46519e-32 7.657137e-16 1 1.528019e-16 0 0 0 1</matrix>
                            <instance_node url="#ID60" />
                        </node>
                        <node id="ID93" name="instance_14">
                            <matrix>-0.5 0.8660254 0 10.58332 -0.8660254 -0.5 0 3.734922 0 0 1 0 0 0 0 1</matrix>
                            <instance_node url="#ID25" />
                        </node>
                        <node id="ID94" name="instance_15">
                            <matrix>0.7933533 0.6087614 0 37.43167 -0.6087614 0.7933533 0 8.374723 0 -0 1 0 0 0 0 1</matrix>
                            <instance_node url="#ID25" />
                        </node>
                        <node id="ID95" name="instance_16">
                            <matrix>0.7933533 0.6087614 0 37.43167 -0.6087614 0.7933533 0 8.374723 0 -0 1 0 0 0 0 1</matrix>
                            <instance_node url="#ID25" />
                        </node>
                        <node id="ID96" name="instance_17">
                            <matrix>0.6087614 0.7933533 -6.074816e-16 33.52272 0.7933533 -0.6087614 4.66137e-16 38.06615 1.972152e-31 7.657137e-16 1 1.528019e-16 0 0 0 1</matrix>
                            <instance_node url="#ID60" />
                        </node>
                        <node id="ID97" name="instance_18">
                            <matrix>0.8660254 0.5 0 38.9894 -0.5 0.8660254 0 10.58332 0 -0 1 0 0 0 0 1</matrix>
                            <instance_node url="#ID25" />
                        </node>
                        <node id="ID98" name="instance_19">
                            <matrix>0.8660254 0.5 0 38.9894 -0.5 0.8660254 0 10.58332 0 -0 1 0 0 0 0 1</matrix>
                            <instance_node url="#ID25" />
                        </node>
                        <node id="ID99" name="instance_20">
                            <matrix>0.5 0.8660254 -6.631276e-16 31.23838 0.8660254 -0.5 3.828569e-16 39.51052 4.930381e-32 7.657137e-16 1 1.528019e-16 0 0 0 1</matrix>
                            <instance_node url="#ID60" />
                        </node>
                        <node id="ID100" name="instance_21">
                            <matrix>0.7933533 0.6087614 -4.66137e-16 37.43167 0.6087614 -0.7933533 6.074816e-16 34.34959 2.46519e-31 7.657137e-16 1 1.528019e-16 0 0 0 1</matrix>
                            <instance_node url="#ID60" />
                        </node>
                        <node id="ID101" name="instance_22">
                            <matrix>0.3826834 0.9238795 0 28.78505 -0.9238795 0.3826834 0 2.079953 0 -0 1 0 0 0 0 1</matrix>
                            <instance_node url="#ID25" />
                        </node>
                        <node id="ID102" name="instance_23">
                            <matrix>0.7071068 0.7071068 -5.414414e-16 35.59899 0.7071068 -0.7071068 5.414414e-16 36.33598 1.972152e-31 7.657137e-16 1 1.528019e-16 0 0 0 1</matrix>
                            <instance_node url="#ID60" />
                        </node>
                        <node id="ID103" name="instance_24">
                            <matrix>-0.7071068 0.7071068 -5.414414e-16 6.38834 0.7071068 0.7071068 -5.414414e-16 35.59899 1.479114e-31 7.657137e-16 1 1.528019e-16 0 0 0 1</matrix>
                            <instance_node url="#ID60" />
                        </node>
                        <node id="ID104" name="instance_25">
                            <matrix>0.7071068 0.7071068 0 35.59899 -0.7071068 0.7071068 0 6.38834 0 -0 1 0 0 0 0 1</matrix>
                            <instance_node url="#ID25" />
                        </node>
                        <node id="ID105" name="instance_26">
                            <matrix>-0.7071068 0.7071068 0 6.38834 -0.7071068 -0.7071068 0 7.125322 0 0 1 0 0 0 0 1</matrix>
                            <instance_node url="#ID25" />
                        </node>
                        <node id="ID106" name="instance_27">
                            <matrix>-0.7933533 0.6087614 -4.66137e-16 4.658163 0.6087614 0.7933533 -6.074816e-16 33.52272 1.479114e-31 7.657137e-16 1 1.528019e-16 0 0 0 1</matrix>
                            <instance_node url="#ID60" />
                        </node>
                        <node id="ID107" name="instance_28">
                            <matrix>-0.3826834 0.9238795 -7.074273e-16 12.97636 0.9238795 0.3826834 -2.93026e-16 40.24551 -4.930381e-32 7.657137e-16 1 1.528019e-16 0 0 0 1</matrix>
                            <instance_node url="#ID60" />
                        </node>
                        <node id="ID108" name="instance_29">
                            <matrix>0.3826834 0.9238795 -7.074273e-16 28.78505 0.9238795 -0.3826834 2.93026e-16 40.64436 0 7.657137e-16 1 1.528019e-16 0 0 0 1</matrix>
                            <instance_node url="#ID60" />
                        </node>
                        <node id="ID109" name="instance_30">
                            <matrix>0.8660254 0.5 -3.828569e-16 38.9894 0.5 -0.8660254 6.631276e-16 32.14099 1.479114e-31 7.657137e-16 1 1.528019e-16 0 0 0 1</matrix>
                            <instance_node url="#ID60" />
                        </node>
                        <node id="ID110" name="instance_31">
                            <matrix>-1 0 0 0.7071068 0 1 -7.657137e-16 20.84103 0 7.657137e-16 1 1.528019e-16 0 0 0 1</matrix>
                            <instance_node url="#ID60" />
                        </node>
                        <node id="ID111" name="instance_32">
                            <matrix>1 0 0 42.01721 0 1 0 20.84103 0 0 1 0 0 0 0 1</matrix>
                            <instance_node url="#ID25" />
                        </node>
                        <node id="ID112" name="instance_33">
                            <matrix>-0.8660254 0.5 -3.828569e-16 3.213796 0.5 0.8660254 -6.631276e-16 31.23838 0 7.657137e-16 1 1.528019e-16 0 0 0 1</matrix>
                            <instance_node url="#ID60" />
                        </node>
                        <node id="ID113" name="instance_34">
                            <matrix>0.5 0.8660254 0 31.23838 -0.8660254 0.5 0 3.213796 0 -0 1 0 0 0 0 1</matrix>
                            <instance_node url="#ID25" />
                        </node>
                        <node id="ID114" name="instance_35">
                            <matrix>-0.8660254 0.5 0 3.213796 -0.5 -0.8660254 0 11.48594 0 0 1 0 0 0 0 1</matrix>
                            <instance_node url="#ID25" />
                        </node>
                        <node id="ID115" name="instance_36">
                            <matrix>-0.5 0.8660254 0 10.58332 -0.8660254 -0.5 0 3.734922 0 0 1 0 0 0 0 1</matrix>
                            <instance_node url="#ID25" />
                        </node>
                        <node id="ID116" name="instance_37">
                            <matrix>0.5 0.8660254 -6.631276e-16 31.23838 0.8660254 -0.5 3.828569e-16 39.51052 4.930381e-32 7.657137e-16 1 1.528019e-16 0 0 0 1</matrix>
                            <instance_node url="#ID60" />
                        </node>
                        <node id="ID117" name="instance_38">
                            <matrix>-0.5 0.8660254 -6.631276e-16 10.58332 0.8660254 0.5 -3.828569e-16 38.9894 9.860761e-32 7.657137e-16 1 1.528019e-16 0 0 0 1</matrix>
                            <instance_node url="#ID60" />
                        </node>
                        <node id="ID118" name="instance_39">
                            <matrix>-0.6087614 0.7933533 -6.074816e-16 8.374723 0.7933533 0.6087614 -4.66137e-16 37.43167 9.860761e-32 7.657137e-16 1 1.528019e-16 0 0 0 1</matrix>
                            <instance_node url="#ID60" />
                        </node>
                        <node id="ID119" name="instance_40">
                            <matrix>0.9238795 0.3826834 0 40.24551 -0.3826834 0.9238795 0 12.97636 0 -0 1 0 0 0 0 1</matrix>
                            <instance_node url="#ID25" />
                        </node>
                        <node id="ID120" name="instance_41">
                            <matrix>0.6087614 0.7933533 0 33.52272 -0.7933533 0.6087614 0 4.658163 0 -0 1 0 0 0 0 1</matrix>
                            <instance_node url="#ID25" />
                        </node>
                        <node id="ID121" name="instance_42">
                            <matrix>0.3826834 0.9238795 -7.074273e-16 28.78505 0.9238795 -0.3826834 2.93026e-16 40.64436 0 7.657137e-16 1 1.528019e-16 0 0 0 1</matrix>
                            <instance_node url="#ID60" />
                        </node>
                        <node id="ID122" name="instance_43">
                            <matrix>-0.3826834 0.9238795 0 12.97636 -0.9238795 -0.3826834 0 2.478805 0 0 1 0 0 0 0 1</matrix>
                            <instance_node url="#ID25" />
                        </node>
                        <node id="ID123" name="instance_44">
                            <matrix>-0.9238795 0.3826834 -2.93026e-16 2.079953 0.3826834 0.9238795 -7.074273e-16 28.78505 0 7.657137e-16 1 1.528019e-16 0 0 0 1</matrix>
                            <instance_node url="#ID60" />
                        </node>
                        <node id="ID124" name="instance_45">
                            <matrix>0.9238795 0.3826834 0 40.24551 -0.3826834 0.9238795 0 12.97636 0 -0 1 0 0 0 0 1</matrix>
                            <instance_node url="#ID25" />
                        </node>
                        <node id="ID125" name="instance_46">
                            <matrix>0.9238795 0.3826834 -2.93026e-16 40.24551 0.3826834 -0.9238795 7.074273e-16 29.74796 4.930381e-32 7.657137e-16 1 1.528019e-16 0 0 0 1</matrix>
                            <instance_node url="#ID60" />
                        </node>
                        <node id="ID126" name="instance_47">
                            <matrix>0.9914449 0.1305262 0 41.77248 -0.1305262 0.9914449 0 18.14947 0 -0 1 0 0 0 0 1</matrix>
                            <instance_node url="#ID25" />
                        </node>
                        <node id="ID127" name="instance_48">
                            <matrix>-0.9659258 0.258819 0 1.276033 -0.258819 -0.9659258 0 16.51961 0 0 1 0 0 0 0 1</matrix>
                            <instance_node url="#ID25" />
                        </node>
                        <node id="ID128" name="instance_49">
                            <matrix>-0.7933533 0.6087614 0 4.658163 -0.6087614 -0.7933533 0 9.201596 0 0 1 0 0 0 0 1</matrix>
                            <instance_node url="#ID25" />
                        </node>
                        <node id="ID129" name="instance_50">
                            <matrix>0.9659258 0.258819 -1.981813e-16 41.17853 0.258819 -0.9659258 7.396227e-16 27.21145 1.479114e-31 7.657137e-16 1 1.528019e-16 0 0 0 1</matrix>
                            <instance_node url="#ID60" />
                        </node>
                        <node id="ID130" name="instance_51">
                            <matrix>-0.8660254 0.5 0 3.213796 -0.5 -0.8660254 0 11.48594 0 0 1 0 0 0 0 1</matrix>
                            <instance_node url="#ID25" />
                        </node>
                        <node id="ID131" name="instance_52">
                            <matrix>-0.9914449 0.1305262 -9.99457e-17 0.8157931 0.1305262 0.9914449 -7.59163e-16 23.54152 -1.602374e-31 7.657137e-16 1 1.528019e-16 0 0 0 1</matrix>
                            <instance_node url="#ID60" />
                        </node>
                        <node id="ID132" name="instance_53">
                            <matrix>0.5 0.8660254 0 31.23838 -0.8660254 0.5 0 3.213796 0 -0 1 0 0 0 0 1</matrix>
                            <instance_node url="#ID25" />
                        </node>
                        <node id="ID133" name="instance_54">
                            <matrix>0.258819 0.9659258 0 26.20471 -0.9659258 0.258819 0 1.276033 0 -0 1 0 0 0 0 1</matrix>
                            <instance_node url="#ID25" />
                        </node>
                        <node id="ID134" name="instance_55">
                            <matrix>0.8660254 0.5 -3.828569e-16 38.9894 0.5 -0.8660254 6.631276e-16 32.14099 1.479114e-31 7.657137e-16 1 1.528019e-16 0 0 0 1</matrix>
                            <instance_node url="#ID60" />
                        </node>
                        <node id="ID135" name="instance_56">
                            <matrix>-0.5 0.8660254 -6.631276e-16 10.58332 0.8660254 0.5 -3.828569e-16 38.9894 9.860761e-32 7.657137e-16 1 1.528019e-16 0 0 0 1</matrix>
                            <instance_node url="#ID60" />
                        </node>
                        <node id="ID136" name="instance_57">
                            <matrix>-0.3826834 0.9238795 -7.074273e-16 12.97636 0.9238795 0.3826834 -2.93026e-16 40.24551 -4.930381e-32 7.657137e-16 1 1.528019e-16 0 0 0 1</matrix>
                            <instance_node url="#ID60" />
                        </node>
                        <node id="ID137" name="instance_58">
                            <matrix>-0.9238795 0.3826834 0 2.079953 -0.3826834 -0.9238795 0 13.93927 0 0 1 0 0 0 0 1</matrix>
                            <instance_node url="#ID25" />
                        </node>
                        <node id="ID138" name="instance_59">
                            <matrix>0.258819 0.9659258 -7.396227e-16 26.20471 0.9659258 -0.258819 1.981813e-16 41.44828 0 7.657137e-16 1 1.528019e-16 0 0 0 1</matrix>
                            <instance_node url="#ID60" />
                        </node>
                        <node id="ID139" name="instance_60">
                            <matrix>-0.7071068 0.7071068 -5.414414e-16 6.38834 0.7071068 0.7071068 -5.414414e-16 35.59899 1.479114e-31 7.657137e-16 1 1.528019e-16 0 0 0 1</matrix>
                            <instance_node url="#ID60" />
                        </node>
                        <node id="ID140" name="instance_61">
                            <matrix>-0.6087614 0.7933533 0 8.374723 -0.7933533 -0.6087614 0 5.292645 0 0 1 0 0 0 0 1</matrix>
                            <instance_node url="#ID25" />
                        </node>
                        <node id="ID141" name="instance_62">
                            <matrix>0.6087614 0.7933533 -6.074816e-16 33.52272 0.7933533 -0.6087614 4.66137e-16 38.06615 1.972152e-31 7.657137e-16 1 1.528019e-16 0 0 0 1</matrix>
                            <instance_node url="#ID60" />
                        </node>
                        <node id="ID142" name="instance_63">
                            <matrix>0.9659258 0.258819 0 41.17853 -0.258819 0.9659258 0 15.51287 0 -0 1 0 0 0 0 1</matrix>
                            <instance_node url="#ID25" />
                        </node>
                        <node id="ID143" name="instance_64">
                            <matrix>0.1305262 0.9914449 0 23.54152 -0.9914449 0.1305262 0 0.8157931 0 -0 1 0 0 0 0 1</matrix>
                            <instance_node url="#ID25" />
                        </node>
                        <node id="ID144" name="instance_65">
                            <matrix>0.7071068 0.7071068 0 35.59899 -0.7071068 0.7071068 0 6.38834 0 -0 1 0 0 0 0 1</matrix>
                            <instance_node url="#ID25" />
                        </node>
                        <node id="ID145" name="instance_66">
                            <matrix>0.9238795 0.3826834 -2.93026e-16 40.24551 0.3826834 -0.9238795 7.074273e-16 29.74796 4.930381e-32 7.657137e-16 1 1.528019e-16 0 0 0 1</matrix>
                            <instance_node url="#ID60" />
                        </node>
                        <node id="ID146" name="instance_67">
                            <matrix>-0.1305262 0.9914449 0 18.14947 -0.9914449 -0.1305262 0 0.9518341 0 0 1 0 0 0 0 1</matrix>
                            <instance_node url="#ID25" />
                        </node>
                        <node id="ID147" name="instance_68">
                            <matrix>-0.1305262 0.9914449 -7.59163e-16 18.14947 0.9914449 0.1305262 -9.99457e-17 41.77248 2.46519e-32 7.657137e-16 1 1.528019e-16 0 0 0 1</matrix>
                            <instance_node url="#ID60" />
                        </node>
                        <node id="ID148" name="instance_69">
                            <matrix>-0.9238795 0.3826834 -2.93026e-16 2.079953 0.3826834 0.9238795 -7.074273e-16 28.78505 0 7.657137e-16 1 1.528019e-16 0 0 0 1</matrix>
                            <instance_node url="#ID60" />
                        </node>
                        <node id="ID149" name="instance_70">
                            <matrix>-0.3826834 0.9238795 0 12.97636 -0.9238795 -0.3826834 0 2.478805 0 0 1 0 0 0 0 1</matrix>
                            <instance_node url="#ID25" />
                        </node>
                        <node id="ID150" name="instance_71">
                            <matrix>-0.6087614 0.7933533 0 8.374723 -0.7933533 -0.6087614 0 5.292645 0 0 1 0 0 0 0 1</matrix>
                            <instance_node url="#ID25" />
                        </node>
                        <node id="ID151" name="instance_72">
                            <matrix>-0.258819 0.9659258 0 15.51287 -0.9659258 -0.258819 0 1.545788 0 0 1 0 0 0 0 1</matrix>
                            <instance_node url="#ID25" />
                        </node>
                        <node id="ID152" name="instance_73">
                            <matrix>-0.9659258 0.258819 -1.981813e-16 1.276033 0.258819 0.9659258 -7.396227e-16 26.20471 -2.46519e-32 7.657137e-16 1 1.528019e-16 0 0 0 1</matrix>
                            <instance_node url="#ID60" />
                        </node>
                        <node id="ID153" name="instance_74">
                            <matrix>0.258819 0.9659258 -7.396227e-16 26.20471 0.9659258 -0.258819 1.981813e-16 41.44828 0 7.657137e-16 1 1.528019e-16 0 0 0 1</matrix>
                            <instance_node url="#ID60" />
                        </node>
                        <node id="ID154" name="instance_75">
                            <matrix>0.9659258 0.258819 0 41.17853 -0.258819 0.9659258 0 15.51287 0 -0 1 0 0 0 0 1</matrix>
                            <instance_node url="#ID25" />
                        </node>
                        <node id="ID155" name="instance_76">
                            <matrix>-0.7933533 0.6087614 -4.66137e-16 4.658163 0.6087614 0.7933533 -6.074816e-16 33.52272 1.479114e-31 7.657137e-16 1 1.528019e-16 0 0 0 1</matrix>
                            <instance_node url="#ID60" />
                        </node>
                        <node id="ID156" name="instance_77">
                            <matrix>0.1305262 0.9914449 -7.59163e-16 23.54152 0.9914449 -0.1305262 9.99457e-17 41.90852 -1.355855e-31 7.657137e-16 1 1.528019e-16 0 0 0 1</matrix>
                            <instance_node url="#ID60" />
                        </node>
                        <node id="ID157" name="instance_78">
                            <matrix>-0.7933533 0.6087614 0 4.658163 -0.6087614 -0.7933533 0 9.201596 0 0 1 0 0 0 0 1</matrix>
                            <instance_node url="#ID25" />
                        </node>
                        <node id="ID158" name="instance_79">
                            <matrix>0.7933533 0.6087614 -4.66137e-16 37.43167 0.6087614 -0.7933533 6.074816e-16 34.34959 2.46519e-31 7.657137e-16 1 1.528019e-16 0 0 0 1</matrix>
                            <instance_node url="#ID60" />
                        </node>
                    </node>
                    <node id="ID159" name="group_4">
                        <matrix>1 0 0 0.7010259 0 1 0 0.7010259 0 0 1 4 0 0 0 1</matrix>
                        <instance_geometry url="#ID160">
                            <bind_material>
                                <technique_common>
                                    <instance_material symbol="Material2" target="#ID5">
                                        <bind_vertex_input semantic="UVSET0" input_semantic="TEXCOORD" input_set="0" />
                                    </instance_material>
                                    <instance_material symbol="Material3" target="#ID12">
                                        <bind_vertex_input semantic="UVSET0" input_semantic="TEXCOORD" input_set="0" />
                                    </instance_material>
                                    <instance_material symbol="Material4" target="#ID13">
                                        <bind_vertex_input semantic="UVSET0" input_semantic="TEXCOORD" input_set="0" />
                                    </instance_material>
                                </technique_common>
                            </bind_material>
                        </instance_geometry>
                        <instance_geometry url="#ID168">
                            <bind_material>
                                <technique_common>
                                    <instance_material symbol="Material2" target="#ID5">
                                        <bind_vertex_input semantic="UVSET0" input_semantic="TEXCOORD" input_set="0" />
                                    </instance_material>
                                    <instance_material symbol="Material3" target="#ID12">
                                        <bind_vertex_input semantic="UVSET0" input_semantic="TEXCOORD" input_set="0" />
                                    </instance_material>
                                    <instance_material symbol="Material4" target="#ID13">
                                        <bind_vertex_input semantic="UVSET0" input_semantic="TEXCOORD" input_set="0" />
                                    </instance_material>
                                </technique_common>
                            </bind_material>
                        </instance_geometry>
                    </node>
                </node>
                <node id="ID176" name="group_5">
                    <matrix>1 0 0 3.533515 0 1 0 3.533515 0 0 1 0 0 0 0 1</matrix>
                    <node id="ID177" name="group_6">
                        <matrix>1 0 0 0 0 1 0 0 0 0 1 0 0 0 0 1</matrix>
                        <node id="ID178" name="instance_80">
                            <matrix>-0.258819 -0.9659258 7.396227e-16 13.90009 -0.9659258 0.258819 -1.981813e-16 1.155778 3.697785e-31 7.657137e-16 1 -3.779266e-17 0 0 0 1</matrix>
                            <instance_node url="#ID60" />
                        </node>
                        <node id="ID179" name="instance_81">
                            <matrix>0.258819 -0.9659258 0 22.76285 0.9659258 0.258819 0 34.23205 -0 0 1 7.444901e-16 0 0 0 1</matrix>
                            <instance_node url="#ID25" />
                        </node>
                        <node id="ID180" name="instance_82">
                            <matrix>-0.9659258 0.258819 -1.981813e-16 1.155778 0.258819 0.9659258 -7.396227e-16 21.7572 2.46519e-32 7.657137e-16 1 -3.779266e-17 0 0 0 1</matrix>
                            <instance_node url="#ID60" />
                        </node>
                        <node id="ID181" name="instance_83">
                            <matrix>0.8660254 0.5 0 32.39605 -0.5 0.8660254 0 8.817056 0 -0 1 7.444901e-16 0 0 0 1</matrix>
                            <instance_node url="#ID25" />
                        </node>
                        <node id="ID182" name="instance_84">
                            <matrix>0.5 0.8660254 0 25.93859 -0.8660254 0.5 0 2.740677 0 -0 1 7.444901e-16 0 0 0 1</matrix>
                            <instance_node url="#ID25" />
                        </node>
                        <node id="ID183" name="instance_85">
                            <matrix>-2.775558e-17 -1 7.657137e-16 18.3492 -1 2.775558e-17 -4.930381e-32 0.7071068 -2.805098e-32 7.657137e-16 1 -3.779266e-17 0 0 0 1</matrix>
                            <instance_node url="#ID60" />
                        </node>
                        <node id="ID184" name="instance_86">
                            <matrix>2.775558e-17 -1 0 18.3492 1 2.775558e-17 0 34.95018 -0 0 1 7.444901e-16 0 0 0 1</matrix>
                            <instance_node url="#ID25" />
                        </node>
                        <node id="ID185" name="instance_87">
                            <matrix>0.7933533 -0.6087614 0 31.72897 0.6087614 0.7933533 0 27.83859 -0 0 1 7.444901e-16 0 0 0 1</matrix>
                            <instance_node url="#ID25" />
                        </node>
                        <node id="ID186" name="instance_88">
                            <matrix>0.5 -0.8660254 0 26.84023 0.8660254 0.5 0 32.39605 -0 0 1 7.444901e-16 0 0 0 1</matrix>
                            <instance_node url="#ID25" />
                        </node>
                        <node id="ID187" name="instance_89">
                            <matrix>-0.8660254 0.5 -3.828569e-16 2.740677 0.5 0.8660254 -6.631276e-16 25.93859 0 7.657137e-16 1 -3.779266e-17 0 0 0 1</matrix>
                            <instance_node url="#ID60" />
                        </node>
                        <node id="ID188" name="instance_90">
                            <matrix>-0.6087614 0.7933533 -6.074816e-16 6.992723 0.7933533 0.6087614 -4.66137e-16 31.09517 1.972152e-31 7.657137e-16 1 -3.779266e-17 0 0 0 1</matrix>
                            <instance_node url="#ID60" />
                        </node>
                        <node id="ID189" name="instance_91">
                            <matrix>-0.7071068 -0.7071068 5.414414e-16 6.089981 -0.7071068 0.7071068 -5.414414e-16 5.353796 4.437343e-31 7.657137e-16 1 -3.779266e-17 0 0 0 1</matrix>
                            <instance_node url="#ID60" />
                        </node>
                        <node id="ID190" name="instance_92">
                            <matrix>-0.5 -0.8660254 6.631276e-16 9.718694 -0.8660254 0.5 -3.828569e-16 2.740677 3.451266e-31 7.657137e-16 1 -3.779266e-17 0 0 0 1</matrix>
                            <instance_node url="#ID60" />
                        </node>
                        <node id="ID191" name="instance_93">
                            <matrix>0.7071068 -0.7071068 0 30.30349 0.7071068 0.7071068 0 29.56731 -0 0 1 7.444901e-16 0 0 0 1</matrix>
                            <instance_node url="#ID25" />
                        </node>
                        <node id="ID192" name="instance_94">
                            <matrix>-0.7071068 0.7071068 -5.414414e-16 5.353796 0.7071068 0.7071068 -5.414414e-16 29.56731 1.479114e-31 7.657137e-16 1 -3.779266e-17 0 0 0 1</matrix>
                            <instance_node url="#ID60" />
                        </node>
                        <node id="ID193" name="instance_95">
                            <matrix>0.7071068 0.7071068 0 29.56731 -0.7071068 0.7071068 0 5.353796 0 -0 1 7.444901e-16 0 0 0 1</matrix>
                            <instance_node url="#ID25" />
                        </node>
                        <node id="ID194" name="instance_96">
                            <matrix>0.1305262 -0.9914449 0 20.57956 0.9914449 0.1305262 0 34.73576 -0 0 1 7.444901e-16 0 0 0 1</matrix>
                            <instance_node url="#ID25" />
                        </node>
                        <node id="ID195" name="instance_97">
                            <matrix>0.6087614 -0.7933533 0 28.66456 0.7933533 0.6087614 0 31.09517 -0 0 1 7.444901e-16 0 0 0 1</matrix>
                            <instance_node url="#ID25" />
                        </node>
                        <node id="ID196" name="instance_98">
                            <matrix>-0.5 -0.8660254 6.631276e-16 9.718694 -0.8660254 0.5 -3.828569e-16 2.740677 3.451266e-31 7.657137e-16 1 -3.779266e-17 0 0 0 1</matrix>
                            <instance_node url="#ID60" />
                        </node>
                        <node id="ID197" name="instance_99">
                            <matrix>-0.8660254 -0.5 3.828569e-16 3.261238 -0.5 0.8660254 -6.631276e-16 8.817056 3.944305e-31 7.657137e-16 1 -3.779266e-17 0 0 0 1</matrix>
                            <instance_node url="#ID60" />
                        </node>
                        <node id="ID198" name="instance_100">
                            <matrix>-0.9238795 0.3826834 -2.93026e-16 1.811196 0.3826834 0.9238795 -7.074273e-16 23.89984 0 7.657137e-16 1 -3.779266e-17 0 0 0 1</matrix>
                            <instance_node url="#ID60" />
                        </node>
                        <node id="ID199" name="instance_101">
                            <matrix>0.5 -0.8660254 0 26.84023 0.8660254 0.5 0 32.39605 -0 0 1 7.444901e-16 0 0 0 1</matrix>
                            <instance_node url="#ID25" />
                        </node>
                        <node id="ID200" name="instance_102">
                            <matrix>-1 0 0 0.7071068 0 1 -7.657137e-16 17.30808 0 7.657137e-16 1 -3.779266e-17 0 0 0 1</matrix>
                            <instance_node url="#ID60" />
                        </node>
                        <node id="ID201" name="instance_103">
                            <matrix>0.5 0.8660254 0 25.93859 -0.8660254 0.5 0 2.740677 0 -0 1 7.444901e-16 0 0 0 1</matrix>
                            <instance_node url="#ID25" />
                        </node>
                        <node id="ID202" name="instance_104">
                            <matrix>-0.8660254 -0.5 3.828569e-16 3.261238 -0.5 0.8660254 -6.631276e-16 8.817056 3.944305e-31 7.657137e-16 1 -3.779266e-17 0 0 0 1</matrix>
                            <instance_node url="#ID60" />
                        </node>
                        <node id="ID203" name="instance_105">
                            <matrix>0.8660254 -0.5 0 32.91661 0.5 0.8660254 0 25.93859 -0 0 1 7.444901e-16 0 0 0 1</matrix>
                            <instance_node url="#ID25" />
                        </node>
                        <node id="ID204" name="instance_106">
                            <matrix>-0.8660254 0.5 -3.828569e-16 2.740677 0.5 0.8660254 -6.631276e-16 25.93859 0 7.657137e-16 1 -3.779266e-17 0 0 0 1</matrix>
                            <instance_node url="#ID60" />
                        </node>
                        <node id="ID205" name="instance_107">
                            <matrix>0.8660254 -0.5 0 32.91661 0.5 0.8660254 0 25.93859 -0 0 1 7.444901e-16 0 0 0 1</matrix>
                            <instance_node url="#ID25" />
                        </node>
                        <node id="ID206" name="instance_108">
                            <matrix>-0.5 0.8660254 -6.631276e-16 8.817056 0.8660254 0.5 -3.828569e-16 32.39605 4.930381e-32 7.657137e-16 1 -3.779266e-17 0 0 0 1</matrix>
                            <instance_node url="#ID60" />
                        </node>
                        <node id="ID207" name="instance_109">
                            <matrix>-0.3826834 -0.9238795 7.074273e-16 11.75745 -0.9238795 0.3826834 -2.93026e-16 1.811196 3.451266e-31 7.657137e-16 1 -3.779266e-17 0 0 0 1</matrix>
                            <instance_node url="#ID60" />
                        </node>
                        <node id="ID208" name="instance_110">
                            <matrix>1 0 0 34.95018 0 1 0 17.30808 0 0 1 7.444901e-16 0 0 0 1</matrix>
                            <instance_node url="#ID25" />
                        </node>
                        <node id="ID209" name="instance_111">
                            <matrix>0.3826834 -0.9238795 0 24.86171 0.9238795 0.3826834 0 33.44767 -0 0 1 7.444901e-16 0 0 0 1</matrix>
                            <instance_node url="#ID25" />
                        </node>
                        <node id="ID210" name="instance_112">
                            <matrix>0.8660254 0.5 0 32.39605 -0.5 0.8660254 0 8.817056 0 -0 1 7.444901e-16 0 0 0 1</matrix>
                            <instance_node url="#ID25" />
                        </node>
                        <node id="ID211" name="instance_113">
                            <matrix>-0.5 0.8660254 -6.631276e-16 8.817056 0.8660254 0.5 -3.828569e-16 32.39605 4.930381e-32 7.657137e-16 1 -3.779266e-17 0 0 0 1</matrix>
